#name|pos.x|pos.y|reach|pop100k|prm.r|prm.g|prm.b|sec.r|sec.g|sec.b
Air Force|550|278|3|30|0|0|224|192|192|192
Alabama|723|336|5|102|160|0|24|160|160|160
Arizona|489|346|4|48|0|0|96|255|0|0
Arizona State|479|334|4|70|128|0|0|255|192|0
Arkansas|656|308|4|70|160|0|24|255|255|255
Army|859|254|3|33|0|0|0|160|160|0
Auburn|743|342|4|87|0|0|96|255|128|0
Baylor|627|353|4|46|0|64|0|160|160|0
Boise State|436|232|3|34|0|0|160|255|128|0
Boston College|886|245|3|32|160|0|24|160|160|0
Brown|884|250|3|32|96|64|32|255|0|0
BYU|482|266|4|59|0|0|160|255|255|255
Cal|376|290|4|47|0|0|96|255|255|0
Cincinnati|753|277|4|44|0|0|0|255|0|0
Clemson|770|322|4|81|255|128|0|96|0|192
Colorado|546|268|4|47|0|0|0|160|160|0
Colorado State|547|263|3|33|0|64|0|160|160|0
Columbia|859|260|4|90|128|192|255|0|0|96
Cornell|833|244|4|57|255|0|0|255|255|255
Dartmouth|875|231|4|45|0|128|0|255|255|255
Delaware|875|231|3|23|0|0|160|255|255|0
Duke|809|308|4|64|0|0|160|255|255|255
East Carolina|825|312|4|44|128|0|128|255|255|0
Florida|775|372|4|88|0|0|160|255|128|0
Florida State|755|364|4|77|160|0|24|160|160|0
Fresno State|401|300|3|25|255|0|0|0|0|160
Georgetown|827|279|3|18|0|0|96|192|192|192
Georgia|764|329|5|93|255|0|0|0|0|0
Georgia Southern|780|344|3|21|0|0|96|255|255|255
Georgia Tech|754|331|4|48|160|160|0|0|0|96
Harvard|887|245|7|345|160|0|24|224|224|200
Hawaii|20|455|3|24|0|128|0|0|0|0
Houston|645|371|4|43|255|0|64|255|255|255
Idaho|428|201|4|56|0|0|0|160|160|0
Illinois|716|267|4|46|255|128|0|0|0|96
Indiana|733|277|4|50|160|0|24|255|255|255
Iowa|683|252|4|70|0|0|0|255|192|0
Iowa State|662|248|4|53|160|0|24|255|192|0
Kansas|646|279|3|28|0|0|160|255|0|0
Kansas State|632|276|4|52|96|0|192|192|192|192
Kentucky|753|288|4|54|0|0|160|255|255|255
Louisiana Tech|672|343|3|20|0|0|160|255|0|0
Louisville|741|286|4|54|255|0|0|0|0|0
LSU|686|364|5|101|128|0|128|255|255|0
Maine|912|219|2|11|0|0|96|128|192|255
Marshall|774|284|3|25|0|128|0|255|255|255
Maryland|829|279|3|40|255|0|0|255|255|0
Memphis|699|317|3|37|0|0|160|192|192|192
Miami|795|411|4|59|255|128|0|0|64|0
Michigan|761|246|5|110|0|0|96|255|192|0
Michigan State|753|241|4|75|0|128|0|255|255|255
Minnesota|666|219|4|48|128|0|0|255|192|0
Mississippi State|710|334|4|58|128|0|0|255|255|255
Missouri|675|279|4|52|0|0|0|255|192|0
Montana|458|200|3|25|128|0|0|192|192|192
Montana State|488|212|3|18|0|0|96|160|160|0
Navy|833|279|3|32|0|0|96|160|160|0
NC State|811|311|4|58|255|0|0|255|255|255
Nebraska|631|260|4|90|255|0|0|255|255|255
Nevada|400|273|3|21|0|0|96|192|192|192
New Hampshire|889|237|2|15|0|0|96|192|192|192
New Mexico|532|318|3|27|255|0|64|192|192|192
New Mexico State|531|346|3|18|128|0|0|255|255|255
North Carolina|808|309|4|50|128|192|255|0|0|96
North Dakota|627|189|2|15|0|128|0|0|0|0
North Dakota State|630|199|3|19|0|64|0|255|255|0
Northwestern|721|248|5|96|96|0|192|0|0|0
Notre Dame|736|251|5|104|0|0|96|160|160|0
Ohio State|768|268|5|107|255|0|0|192|192|192
Oklahoma|624|316|4|87|160|0|24|255|255|255
Oklahoma State|627|307|4|54|255|128|0|0|0|0
Ole Miss|703|325|4|65|255|0|0|0|0|96
Oregon|367|228|4|55|0|128|0|255|255|0
Oregon State|365|223|3|38|0|0|0|255|128|0
Penn|365|223|4|77|0|0|96|255|0|0
Penn State|820|260|5|100|0|0|96|255|255|255
Pitt|799|264|4|46|0|0|160|255|192|0
Princeton|852|265|3|22|0|0|0|255|128|0
Purdue|729|264|3|40|0|0|0|160|160|0
Rhode Island|883|254|3|17|128|192|255|0|0|96
Rice|644|371|4|53|0|0|96|192|192|192
Rutgers|854|263|4|45|255|0|0|0|0|0
San Diego State|427|341|3|37|0|0|0|255|0|0
SMU|630|340|3|24|255|0|0|0|0|160
South Carolina|788|328|4|77|160|0|24|0|0|0
South Dakota|629|240|2|10|255|0|0|192|192|192
South Dakota State|630|225|2|14|0|0|224|255|192|0
Southern Miss|705|355|3|29|0|0|0|255|192|0
Stanford|376|294|6|224|255|0|64|255|255|255
TCU|625|341|4|45|96|0|192|192|192|192
Tennessee|759|309|5|101|255|128|0|255|255|255
Texas|621|366|5|98|192|96|0|255|255|255
Texas A&M|635|362|5|102|128|0|0|255|255|255
Texas Tech|579|333|4|58|0|0|0|255|0|0
Tulane|697|369|3|23|0|128|0|128|192|255
UCF|786|382|4|64|160|160|0|0|0|0
UCLA|414|328|4|67|128|192|255|160|160|0
UConn|876|250|3|27|0|0|96|255|0|0
UMass|873|244|3|29|160|0|24|160|160|160
UNLV|447|307|3|30|255|0|0|192|192|192
USC|415|328|4|68|255|0|0|255|192|0
USF|774|388|4|49|0|64|0|160|160|0
Utah|480|261|4|46|255|0|0|255|255|255
Utah State|480|251|3|28|0|0|96|192|192|192
UTEP|533|351|3|23|255|128|0|0|0|96
Vanderbilt|730|307|3|38|160|160|0|0|0|0
Vermont|866|224|2|10|0|64|0|255|192|0
Virginia Tech|794|296|4|63|128|0|0|255|128|0
Wake Forest|795|307|3|26|0|0|0|160|160|0
Washington|375|192|4|65|96|0|192|160|160|0
Washington State|427|201|3|32|160|0|24|160|160|160
West Virginia|799|272|4|58|0|0|96|255|255|0
Wisconsin|704|238|4|79|255|0|0|255|255|255
Wyoming|543|255|3|21|96|64|32|255|192|0
Yale|869|255|6|254|0|0|96|255|255|255
